n:   136581545769742993844353215073999486611647739747826866505830874542898479874596589516679059526594156870550583719844639473075308952216341724560461085949560128826048957087011226437593476570323791822778100403988639944927370286024494605987612282628759148439424164863031329072193992731572955570657996420406937966823
p:   10302599791742378415818842363827935902135815855604714038624895392739962108968736123564397379144300800792485570158179859825358843957621098185592465236427707
q:   13256998090832788382274389362503021989981610500016184843251295686226725711392322489397903938350123219020313319587051903493582796138712300772524028448558789
max: 20373434118895189297268560472663379259424961171140571359856042865856619894802766919749982618711271604328574348808442234847511830998503653498512592879655479
max: 13407807929942597099574024998205846127479365820592393377723561443721764030073546976801874298166903427690031858186486050853753882811946569946433649006084096


sqrt(n):  11686810761270287371485579914868226329672990521778452573183063472686506373994880452047468870360460070824280930376390269862544607617095013396676531004935686.228453063680701814663465775773492283009226936


p_log: 354.6279154984405803457259621294684790478064706872311401935367394153964661211327831054983946133597000011891570040835797369087721313449327870533195621110433820873837105348635542679781615003976269200814
n_s_log: 354.75398014866713130258667906113396529296549083798582279835583454918098191053912465344732073313969161632642848649951249952766954968650333144256728434225331467981261026192936713343680020588648515263588
q_log: 354.88004479889368225944739599279945153812451098874050540317492968296549769994546620139624685291968323146369996891544526214656696802807387583181500657346324727224150998899517999889543891137534338519036
n_s_log - p_log: 0.12606465022655095686071693166548624515902015075468260481909513378451578940634154794892611977999161513727148241593276261889741834157054438924772223120993259242889972706581286545863870548885823255448113
q_log - n_s_log: 0.12606465022655095686071693166548624515902015075468260481909513378451578940634154794892611977999161513727148241593276261889741834157054438924772223120993259242889972706581286545863870548885823255448071
math.exp(p_log): 10302599791742378415818842363827935902135815855604714038624895392739962108968736123564397379144300800792485570158179859825358843957621098185592465236427707.0
math.exp(q_log): 13256998090832788382274389362503021989981610500016184843251295686226725711392322489397903938350123219020313319587051903493582796138712300772524028448558788.999999999999999999999999999999999999999999999


